100
385185.87
881190.87
25
5942.49770609
9258.59458596
9422.12870320
4384.38745480
2428.92075987
4366.35418697
2858.44150664
2921.27684717
548.98880169
1175.08376556
2990.35150749
5855.67740921
4352.82097087
7538.76700851
7518.90494079
1769.34696763
172.87816371
6409.66084439
581.89353509
645.39841689
437.46928211
5507.77814763
8355.48530905
4024.42636476
792.89490650
480628.99
191465.93
53
8027.17658072
642.49176370
5965.74189295
1595.07314283
7356.36047304
9580.71183007
1928.95746057
4192.41862573
6420.26236990
8444.31659830
4901.84248930
2095.99844811
684.59859802
8331.07828103
3395.56026354
2016.04830318
5600.13471537
2855.90987326
2413.88763983
3409.66298038
9673.23111841
625.39561140
4646.57936520
1839.62828629
3039.96202864
526.52330004
9403.55539133
4732.39721903
3521.46673288
382.48494932
3478.51037586
6520.76462601
3012.25950734
4966.68202420
5945.33158127
4244.47689996
2146.69634594
9648.71940488
7475.81403120
6749.84812391
8851.03803018
8914.12603708
2314.45053636
9486.15572311
3459.47560812
3699.98729431
4207.73465923
3866.25617126
9050.07798427
3485.89236129
9366.77312557
4888.79505366
7548.26055371
765617.40
850950.38
55
4045.53634089
3379.14051097
5915.42036045
8419.94644931
5870.79503877
6008.95219182
1662.54668376
3681.01398529
1300.34974076
8107.89026940
7018.57340347
5015.11004510
6777.35771193
5044.52549495
8182.76830983
1966.72018927
4224.38674801
5191.44396695
2609.10869138
7623.21844658
4935.74277988
7280.34735144
5635.11181815
9591.32137670
3073.89029424
9998.20844356
1018.04508920
312.99259650
4778.93771787
5740.45830801
9892.55193718
1017.07407998
7646.90476544
28.22702538
9510.28936900
3169.15693854
7836.40317980
2307.13189566
6868.71119307
5182.22437706
9070.02498461
8382.97338729
1303.41128411
3060.22469772
8103.27872356
7447.06343154
1493.50353722
8303.08367912
3235.45034668
7277.90373964
9992.03621269
3001.46780661
8164.14115431
896.30245917
7497.03324696
506411.00
880895.63
24
15.04412445
4166.14000648
4884.03973136
831.79078303
5060.51488083
6013.24033068
9510.34664102
9987.52458510
9400.75711058
9032.75216043
9498.90852723
8952.16823702
8837.51286884
8593.98672334
5672.08901324
9487.97206568
9477.85822157
1951.60942518
1737.03932295
7612.22482643
8585.63046418
9257.22807228
722.83042913
6970.29394338
505027.84
636916.29
4
9362.36041673
6096.39944637
5139.86587943
2912.78346343
984416.25
670800.65
2
557.46016462
1766.54445479
648061.56
319196.47
22
5662.97796857
4766.72374662
7226.29462504
8687.92364531
2198.32857551
8544.85916469
8425.40613205
3917.25720656
7931.60414519
2578.90564853
4196.88544794
6333.55853889
9917.54909239
3311.78744499
2934.65865227
6234.28563132
3630.05580416
3504.92510991
9555.17527939
9450.40832885
3465.51516630
4054.97029631
9164.19
879090.37
44
4931.59782642
579.68080248
2556.18812931
4839.36509896
6968.07783216
5425.69543475
8652.19243123
5583.82882751
9474.67181303
2158.61345986
8748.82491235
2906.48114232
238.59552444
500.59374249
6195.85258500
5025.62415166
4050.10626491
2101.98173119
3535.41882068
435.77637811
8243.65984209
8059.29623455
7245.17412586
3799.03849389
3818.33413597
8822.54202740
3054.74188433
3525.27669775
860.63654255
871.21332051
1062.63593543
3475.48743653
6079.59982323
6859.30048974
7223.10650927
2419.57028601
6143.04246531
8197.04320190
2924.22759611
7774.55133433
5875.15662677
9016.92566046
4768.19732967
844.18615038
721575.64
197447.07
100
5037.24803078
1041.42242634
3488.16171828
3233.40660803
3067.07779968
5119.69755918
1991.44186526
2111.12661057
1484.94540760
6252.73485114
5741.55791320
6703.31484517
8526.55642088
3871.29109129
5176.77098594
1614.61970840
800.22522758
8846.62104640
7933.48893776
6270.34145633
6543.54073658
9933.20974003
4783.93272957
6303.77837280
7068.07263276
4313.20300356
6156.87878073
3367.38669322
463.16176088
2973.64344743
4632.84396117
5347.55515952
6315.59666816
6507.98938260
2633.60585618
2686.96478201
2573.52114307
6098.43658169
6950.22056442
2112.45449913
9829.18625321
3192.95427309
4495.04915989
1066.65466486
4680.28482912
3300.25399310
9166.91072781
3792.47571715
3515.73281476
8154.69968385
5357.27073965
9792.82002276
769.61946692
4430.35686534
7743.07974898
7397.68326414
6423.10060716
3805.98558886
6297.12801563
3169.88410478
2244.83029699
8406.73218831
1392.54771865
2216.86574825
5520.36993585
6926.48708217
6147.31625685
6009.36539397
5095.39784324
9685.47022796
3163.51768878
5936.36670268
4151.26343276
7261.19919646
3470.70229295
2582.55020347
9898.11037945
8838.19651809
6016.03089170
7147.38057203
1679.93682270
7592.99205929
7364.27852064
4863.48258397
6410.32046830
7455.10368093
9477.23037030
9347.67255038
5702.21230588
9904.94050593
1187.40849536
242.91735612
4761.63171984
7000.16400704
6381.16854958
7941.31587068
9389.15787435
893.58176734
8061.07312674
9391.03338226
784900.01
107946.43
18
9766.39250620
8956.12018767
229.35618315
9534.69182920
211.87394605
6953.36378888
9122.56845987
6874.13901404
6895.25817220
5898.86109505
9100.37795451
8149.29353526
9823.85403150
5401.68160946
2324.21719273
9789.17079319
5691.58834603
1517.31134439
262681.80
510161.34
92
9280.53004488
7190.25144653
8145.42939295
4207.81967990
7086.13369285
8173.84869940
1825.21457227
589.11156108
9524.23937008
3364.97466492
8278.71000235
181.94103137
7545.72984205
9968.41862841
257.70377784
3789.00752184
8317.18976961
2838.72764677
2570.91045756
8755.15702488
7783.10199550
8437.44006736
2488.40791496
5386.76135839
7945.77932315
9062.66212374
1687.99040611
2910.14920179
4937.06111134
7070.12768341
8652.29670914
6678.66395007
5582.93819927
5519.29788883
3788.04210366
2553.47448009
5009.25148667
6993.85078256
7793.99816465
6103.70233036
4080.87383743
6263.28699101
7148.20880662
7367.86721294
2690.19915775
2483.29622133
6906.41392476
958.51510438
128.41607656
9868.25996014
6737.15180753
4157.84254288
9399.53020870
1080.39847128
7198.31174286
8493.82758331
445.81087878
774.80618412
9328.96448487
5640.79744871
5626.38321590
8459.27658506
1560.84575862
3645.42223762
3521.15467862
5382.34135313
8423.80011328
8083.26091650
3958.46764909
5832.56641173
7509.05253842
5787.40055931
4013.07149176
2162.06897576
8487.07049952
1953.33311125
7748.04738303
4663.18067461
2737.49651127
2242.58484775
4624.26403339
8051.14088369
7205.09391823
9624.63068962
9402.88929208
3355.81688898
9635.08435991
5632.50356010
5924.70045036
5003.09260347
6060.22528389
97.17001076
829694.81
366882.39
2
1495.29934203
9840.90191154
618958.65
72759.38
98
1038.59534011
7026.82824258
3240.08643354
8462.01755216
8122.51417619
7966.87224526
1039.98272300
650.23659146
7056.47941403
5666.78018511
8224.48526935
4844.89754528
6864.09061359
8867.57700988
994.30584421
9276.72373744
922.17368604
1355.26405761
8980.84572794
7350.16291556
9902.25858527
8705.01842285
1251.31600039
66.78862002
3159.04126860
4341.58073681
7125.74148214
405.18789737
7124.02647179
3843.66135646
7775.54155242
523.85432969
2540.74677107
2089.55436616
4317.92098596
9982.09453041
3902.86138236
4124.70093950
4538.22880823
6306.15561431
4143.92753946
4249.03695178
706.02389967
7975.07323594
9495.03182904
6113.85528902
3315.97668084
3096.22433414
7259.88692101
2206.53173994
2503.00354123
2609.88238990
7719.67024245
2316.05621956
4274.99138660
2001.36195157
2655.36817409
7204.88748284
6612.06034201
265.92598448
9331.10520704
9958.62855071
8015.82590082
9944.10082435
8297.56879140
3877.68857744
497.02948070
5724.87491299
7831.70702933
7289.25907419
6165.52101699
2145.19374042
9769.41287480
2037.52643841
7607.42136450
8066.22531370
5100.41319391
6121.62666147
5613.95803120
186.41267335
7339.17089961
1558.27828226
5183.13445863
4841.73471321
8843.26142793
4335.86821890
7091.08597524
2792.60280769
9408.79975122
6369.36776563
2495.05781454
903.75061171
8108.01434796
7362.80560702
1317.26675850
336.62866560
8733.42336490
4599.18265697
234655.38
485381.93
27
376.72067956
968.95443841
8755.54064036
9607.73008619
1593.16353918
9550.17474339
2773.09847343
6069.69734986
4640.34721872
2667.75996167
3641.50603942
638.87324723
9072.52720490
4311.29794222
3348.82992178
9052.38309950
5660.49249552
1051.93486842
7557.33594943
7183.18212216
5228.22113517
9821.12595508
5824.49237108
8975.94001570
2799.41508753
1763.74452781
4303.56803552
108293.99
833266.49
88
4309.26910445
2876.79934637
8035.89556019
4955.55313080
5680.20871956
2985.57308699
8139.40857670
1755.05433721
6734.78123854
7957.97864486
3802.84781768
7230.51357935
3052.61375476
7480.96960662
8082.68587759
5384.78381143
6320.60209258
906.30702978
6038.06211231
276.34511115
2129.11485661
4093.56728808
2704.13418884
1307.87915285
9475.95546445
8759.40624648
1096.07999703
1292.50499431
9751.15268223
1750.61788760
6517.68282552
7598.95883918
9242.67216036
3185.96417834
4366.57957097
3894.39761750
5595.06803540
212.28201001
4696.09006058
5197.33467625
4531.74863452
1401.70774169
8832.41210372
8723.47086081
979.61172792
4553.75762386
3035.98352824
8925.29263943
4227.07988109
87.67575789
346.41366001
8199.82248745
4956.85572098
1335.73647475
9635.19397373
8781.98393122
8717.23793142
9880.16345264
5373.26832068
7165.37127069
51.24979591
7461.36996506
7732.93505609
1149.32689972
1723.07500042
8015.75893470
377.67465088
4034.82400468
6920.33721013
8604.47732837
6141.16084404
7234.88654850
3475.84291416
2967.82890863
4812.24552611
8773.54951608
8988.70045541
7604.61989336
3001.06103717
986.02973745
1410.88320501
6949.19687057
4315.52295996
1009.59462083
5858.21504088
2642.47512349
2393.01646679
9593.06269635
711074.07
298243.79
28
1131.45469271
7050.38586943
9976.81815861
4565.77359543
4484.63991772
299.42434249
6319.11859420
7984.55496268
5373.95649134
7379.37065460
2765.30391510
1799.56413433
7485.91340511
1495.53385246
5379.83651129
143.68975783
4544.71813138
8585.23144191
3652.70053472
7717.89738908
9428.92673017
4490.60523357
9705.12851032
1084.62189874
2375.43557730
8974.00510353
4255.37062745
4535.70688932
254737.42
465885.79
62
2833.67331495
3519.07609025
7182.88341816
8433.66148079
7681.57265970
6425.63663397
6354.85338475
7131.36280153
2296.14217229
1642.27772937
4486.52230720
431.99833186
1434.46907702
5554.06794065
6340.67223346
10000.07785369
9593.96812115
9635.98475076
5343.48980190
2018.85854325
5682.31468239
1556.13377869
3287.61534205
745.63565197
4818.95221731
9132.17510708
248.34264971
6131.69066425
9767.94544700
526.44219243
7619.94093206
7373.83445566
9748.46696900
4238.76726901
5257.41383334
3505.94138412
8688.75665371
3721.80024072
4587.75272157
2739.21273405
2232.60804347
7966.30828940
5375.93342429
667.36332675
7602.82347448
6142.93579696
3773.59785836
9083.47369320
7164.18847488
2952.01759898
790.63450454
5186.90085001
6056.18742115
463.42340268
9565.73729393
4551.72892159
235.12313512
7840.91485683
7122.74465651
7650.49692065
5586.41337955
2658.21636600
549449.69
862998.30
93
7802.91734380
5715.25881846
7249.43672223
3673.02798921
383.43947746
3497.26404609
8144.28324938
3152.08099719
806.90943336
3765.57103917
2051.34911199
3858.32941161
8080.62227552
3340.74672552
5583.31551273
9619.23225195
7922.60772196
9560.69490501
8604.25895551
6083.37976076
600.97161047
2053.92916007
1229.66493440
7572.62473655
3411.31979128
4189.05608922
3703.17801468
6343.39237255
2372.41307970
3250.02752820
152.42172922
8828.22988285
2289.87359134
9484.14107457
2907.24253773
4322.75740236
4030.02089740
433.14215385
7884.62399813
608.61968552
2135.16988246
3419.17802413
8099.57518640
8437.54024493
6103.34052165
3655.46850793
8981.56704913
5562.55320910
2719.67635253
3280.38485810
9907.18402173
5306.75404911
4411.31283365
2688.15498216
5047.83524276
8878.58051466
8466.13406080
4136.22636517
9553.59565217
985.42516760
1814.02070904
9767.35828145
9554.71672432
7290.30424583
9193.04353302
5627.46691774
9118.19831970
3089.67327628
2726.61492955
9926.62127246
2033.43770123
6956.92293717
6053.50485663
8396.55812882
865.20310965
4633.31743989
9607.38268954
1559.21697755
4104.65906488
9963.10510671
7744.99839823
9424.24313593
4070.78271458
2491.41003402
7963.79593350
8845.95792129
9135.33555561
238.86695475
2546.58695156
1826.63419795
197.65811252
8114.26739277
3512.81838484
452996.36
753051.30
79
9486.91906523
5703.08506344
7280.49216955
940.86994888
9261.80593616
9930.44213415
3841.69311435
4248.16673771
8241.13148958
570.72668454
1583.91716274
1865.09966102
1090.86106123
5765.96017545
6938.25779375
5207.96953484
2645.77540710
9699.39885980
1315.49460985
5801.65220780
7689.77629318
9582.77304997
1208.66632858
594.30422111
9007.60332966
9376.68318479
4013.60191039
9058.43105236
3024.41918524
8094.19224720
8085.93228646
6335.96930406
9707.70708567
8344.52011299
4762.39998194
4376.13513918
4609.19087373
2594.67383768
4318.51714398
8899.35522831
1500.46215887
1429.56842463
4761.88449274
9132.43127657
2312.94234735
4120.52583225
1551.75439900
2491.88102086
9.05582787
8316.75823506
3917.60502187
9953.59180016
6534.10522255
4170.82478350
4683.64973768
8241.72845673
886.00556511
9213.16822948
5141.18691253
6959.06822321
9691.89392590
4024.92977896
4142.74456870
6764.80374213
6206.90722172
4808.75477616
855.84960435
8457.77599264
8026.60481016
915.93354594
6451.57484239
4420.25322772
3864.02631019
7559.55985519
3753.49307560
3389.59957597
382.36700965
7313.02773809
1663.43305184
270235.27
684696.66
27
8467.60180298
4786.63770695
1643.35673995
7865.75859471
126.73731885
8128.82623086
1086.08222128
9118.24106165
5067.36925270
5479.63094483
6559.90870170
4383.29958134
6149.77466755
728.09577482
3123.82178837
1712.17690220
6907.34550380
6564.25954573
9207.99014231
5758.14900137
9652.05525550
5562.40581037
2513.91118065
1067.15986140
544.79945610
8223.22777080
2274.36914943
77046.73
625799.53
52
7772.33736517
9357.84022680
5157.00245131
5246.37880189
9487.55562034
5042.48072655
2322.78850710
8144.36908377
5572.44522043
3844.73501930
2848.00475390
605.31051446
7071.99411682
3074.45493145
1609.53543543
3172.25133413
5153.24413761
7466.31520433
512.59160354
2358.69321187
7599.84978388
2155.11114069
8669.27568009
3625.28161221
3766.59185802
2654.04394052
1582.51778139
1738.66945814
5397.73041026
8231.83796918
8027.84088020
4315.38807885
9767.03484139
1270.63941633
61.38556702
7753.86428650
4774.51310031
5574.60784653
7530.54597493
6299.91129101
6656.49633011
6102.10431025
3129.39885729
1775.65950252
6452.26829290
92.14192121
364.04885950
1938.22950297
3340.97972916
1991.96350636
2529.28550868
8577.57936369
276380.23
21423.22
35
6974.77699584
6117.56811364
2946.59503358
3278.28920491
3241.71898951
286.70476789
1308.53377086
196.47496890
9802.89389143
8211.83369640
5822.15525958
3569.26090094
1732.65528335
8195.74711310
9106.83697239
4819.80133457
74.62111540
4716.67467583
9977.62842786
2801.94296691
3876.78312743
1727.58670095
3991.65638957
8829.82249153
8417.18957069
2360.91920137
8701.73254437
9510.07164766
9577.87436038
1694.54720238
1699.73056880
2045.53450138
7001.07360101
4084.36309499
2761.69501974
46190.68
277032.28
25
4381.54656032
5468.49532020
9318.63033698
3119.71373295
7606.25365714
3216.96543525
1422.05955340
4855.18601451
7786.28060221
1602.03156322
4489.63131217
3381.33054444
399.93361583
117.29612902
9955.63689365
6677.18120782
6929.95490716
5562.31350059
3712.22576861
3579.74327707
5979.39190205
5811.77382142
6225.92475943
1983.89455841
8469.04441144
491802.17
141223.56
3
5544.47708653
5978.61094310
5131.25885620
731304.57
727539.95
82
5661.69539632
4925.57180683
2165.58695814
1519.84190466
2873.90511287
5716.69607940
790.47440412
826.97487773
6495.58664301
6290.97172480
3587.13099269
1797.96370400
7734.71881091
9889.27397400
1195.77887015
4909.07834274
3081.14503724
6940.15742567
5180.00505154
6770.31258229
2750.77497517
4922.73658214
7423.81382599
1531.46827304
4051.72680794
6289.37440494
1715.74584861
2769.93280811
81.61480594
5096.79931952
1019.43030159
6507.43660891
3625.40209228
674.43831118
8214.24576625
6431.15534355
9353.60289623
3487.77109550
9416.58558936
7003.05218092
9014.86952218
6153.36260762
7007.97338647
2192.80591890
2415.95647101
8441.58180381
2404.78237476
9877.90238259
8921.27958098
3197.79867356
8077.33623697
3257.58426420
8261.46004157
44.06862184
2210.24362477
2711.97806332
868.05069265
5030.95345008
5489.01371281
8556.14925353
4620.54463052
5908.59704626
213.26742666
2051.22384303
5700.47531132
8774.28053081
4681.26578788
5875.62764608
5152.58443224
5100.35640329
9561.33124213
5814.19546400
6043.90008570
8912.13135085
645.29850050
4181.74083424
2112.06141832
8279.55471306
6602.75615482
1325.75573086
6957.49343729
2234.74193505
45889.05
749559.20
37
2334.45583257
9668.88623869
5475.62192437
2758.42926866
3884.49782776
4405.70556758
6449.47826745
3720.04359997
2830.89314194
949.84690120
3265.46097628
46.84149788
8856.98669753
2085.93434817
9393.01638015
8605.06338991
2499.18269842
4346.35994827
7855.27320143
4298.33234503
6232.39363602
1646.79277839
2096.04339659
2363.34396206
9068.25570606
2198.15589703
6654.60053291
2481.73425917
9969.09463360
567.48576705
3491.99120162
6227.21524156
5192.36319652
650.04525911
8976.83342713
7559.52378782
3421.51522061
775531.93
951038.78
5
8016.51288460
8574.17134097
4037.74677966
1498.26878007
8777.25922866
775532.39
718463.74
41
7235.75563339
5300.10309124
6526.80380444
1110.97485704
1950.29782201
950.54928637
704.79740706
6374.40818561
1535.77832864
6078.74372964
6151.05948474
9796.33521937
8533.16551237
4752.45443270
7167.65029968
8542.40742053
6576.40252913
2638.75997551
8575.77996568
6728.39242433
1478.80587226
1445.68102880
810.22228806
9000.68708427
4639.25028828
7901.74286469
2604.50298604
5599.00733727
7240.49926545
2406.26453943
7927.85582231
7746.57374981
4528.12610117
1744.44821174
2566.32782977
5016.85025741
8168.14920277
7757.17604437
4675.01294530
1762.30196385
8821.54019867
487073.65
53118.73
51
7295.43405972
3097.75543428
1322.17205067
5162.55876071
7856.39466308
8610.13271439
2298.40978388
4997.68891958
1809.15413746
8983.65393008
6845.02881984
8192.26606320
6986.27295818
1087.79418719
9786.64731083
9714.69230202
2109.22093888
6872.63864444
7262.39762567
8841.66968846
2428.94403677
1249.62724728
3379.39775379
6246.72925441
3912.10624975
4206.67774265
8698.33119979
8432.81192563
7433.09694452
9960.24005991
9807.56515412
4043.02120605
8404.74378568
3919.97181341
471.92669100
6602.72083744
2084.67793848
5827.52662932
5436.68166421
5780.23380488
8686.38431880
5785.97565356
2324.90728300
4948.55373343
8813.34141057
7964.75887865
5465.21860127
7131.98258609
8805.44161207
8390.43013115
3823.63546456
823289.14
946802.01
61
5049.91868751
1300.21268005
1866.04846268
414.71394244
5043.23199771
5153.41653623
5284.13722074
9430.68212060
1915.22581686
7026.51957133
3576.86999421
5713.51547150
8775.01714340
8578.82756005
2910.83686086
1928.72906030
9290.46682905
3414.15954588
8349.46216415
1497.50786053
7261.67385685
7809.34309937
5735.77669153
6160.97749312
1181.46958689
7049.99770235
3648.92319413
6293.70691974
8974.82808979
251.80179824
6358.98267065
3105.52558353
1114.14506304
8690.77833994
128.88387167
6401.03802807
9815.88539393
8494.62076503
7203.48773409
1668.22146500
7103.51381816
645.83709830
8782.74835791
8185.59440992
1199.60953237
4264.05643067
8572.59983415
2540.59300556
1501.64816713
2495.14280206
6327.64437640
7695.52210304
7631.66946466
978.05483354
105.36844540
1485.74303341
6701.52437533
5069.07567322
8026.42526000
8597.38119724
8666.46212510
202485.48
590911.93
11
4991.32087606
7768.67180465
390.35323693
7483.32469484
5422.68005020
6591.35224349
476.15807481
9007.35392735
4713.50720676
7453.06176985
8787.90910797
12357.07
856381.95
56
8522.10917857
5395.80888844
3181.16162800
9837.70222086
5676.29034663
5185.90568513
2380.09777058
9120.53901529
3301.74218024
8778.84727976
6735.75776431
4621.70747154
9658.01449841
2918.15359970
2166.96191330
5530.21125549
1016.97884501
6694.05019665
8272.89277185
2394.47735276
6716.03103325
8721.43316648
9969.54535292
2501.54403620
3497.78389244
6569.66057000
1483.00401602
669.67252776
3770.91899723
7574.31213906
4892.39428351
7656.21785903
7037.34088589
2944.36105770
7326.96464012
252.00998497
7796.83380713
4155.84346742
269.49167215
1194.14597014
1844.49401749
3463.41143955
9973.14770266
8484.50727675
4502.59650630
5059.16798767
1736.34086556
5131.93726847
981.09362659
9275.63389606
8474.99883981
8330.59682802
5590.80796768
2388.99305657
1896.62006430
6106.93086423
872973.19
470884.45
95
5892.99725973
8719.64811620
9597.44671585
2433.18832641
2749.16383311
2612.26485234
5629.00890770
5252.23966037
5899.58843458
6526.75387471
639.92402827
6249.87257589
278.22547308
7062.74481860
6300.26654417
1408.06571335
5251.73454849
2275.30222426
5970.61761963
1915.15255386
5898.01941811
556.18759946
5327.65609800
6304.24956843
1148.65357741
3661.91249775
1268.73648662
2036.45395190
6182.17891111
4350.82280985
2437.44578659
2764.71160718
974.91932847
3293.52511839
7622.02721906
4733.03814619
9568.31712664
6122.59684968
847.60389392
4783.47435680
2243.56236782
6404.58412480
2374.65980147
5412.42566087
2958.45625847
6752.15765052
5830.62619191
6891.11843626
3599.82027038
1682.95444564
1344.42513693
1287.90390940
3520.33581683
6691.23622442
6643.23887752
6344.81980921
8911.97235642
5088.96550886
6703.89355975
4721.17113853
3098.01077008
9725.07929569
2922.60090383
1710.38050181
5762.79682213
3024.66580249
5074.94637171
4756.65406208
8708.36688172
3881.11153210
3838.35436184
8040.30163647
1382.96942604
2906.05245102
6208.63989334
9265.98315927
1228.98212334
9069.96982329
7061.65167973
7275.07838634
4027.38415337
1263.52883010
764.96967347
7885.22005214
7112.25851969
2084.60561658
7300.31079293
2959.25492634
2353.61640507
8404.21742268
3867.45688635
7580.39703166
7146.11296189
7427.08530211
8650.13294231
743128.96
41118.26
5
5679.05051408
4202.33554224
5302.78936945
2299.92890489
3832.82783123
300108.89
296386.72
13
9149.41863771
8150.92298390
5880.23514882
9569.40604861
2723.14067231
2555.10718339
4631.99709355
1675.76464852
2860.87087387
9464.96933114
5234.88052223
2066.82773053
1072.29699754
269461.35
433255.77
42
4473.75498576
9981.90744909
7200.05739735
5793.37486770
1109.08761000
2369.55132249
3439.02960498
8093.60675936
117.71757465
3513.84794250
2227.82969137
5152.20455823
7781.33686347
9254.89494790
9171.36571081
8229.64335229
1173.55328916
7027.61929444
5261.78154809
8502.66244971
7239.13868822
2176.68271665
5809.75411755
462.48393804
6243.91962643
8394.56297317
1778.19466217
7659.67720398
1282.13160490
3981.67549530
1326.73478259
8703.51048662
3748.02574517
8803.01079239
8719.43013901
9732.23396422
4281.89946709
7559.16603499
546.05783524
4531.93987498
8132.83308969
7909.21125625
118569.73
422830.27
13
72.36243806
413.38531347
7708.13060765
1754.60196449
977.32785498
6645.30998318
2622.95887345
6019.97639882
7380.39146225
4735.08823594
2014.40801413
9545.24539480
5689.40882528
394541.93
590395.17
28
7781.65095000
47.07635033
6701.17637983
215.26068217
2510.91851980
1048.77886841
8879.87887584
1079.18727312
5397.17463287
6414.21881388
4752.29597594
566.11773844
7312.98322131
6738.67063358
7989.62108023
8305.39410929
479.33025041
6805.50616037
8222.00016696
4174.68663776
889.06639899
2313.59849150
7407.27370079
7455.56754936
2349.97560000
1480.00599528
9878.17587409
7646.45468905
575213.03
378428.45
77
4057.80331016
7475.82147758
1668.98278918
1068.44667175
6652.75948371
6672.29368893
8172.55517449
5632.40885790
6160.56839077
4693.38196246
1754.35175865
7750.18951361
9172.27013555
5129.52531183
5011.80072223
7057.82216865
7502.68654360
3204.65544102
2436.11387432
1118.48009771
362.70041820
2490.97739567
5531.94896990
7839.74650647
3410.43999691
4056.63445466
1433.03712750
63.32945083
7547.75991052
2988.97972727
4079.26572603
8189.86380324
6700.07593944
3570.68263062
9130.60778435
4185.95300713
6289.15995616
6647.54833246
3634.93597663
1850.66295898
508.93551906
4445.48221972
756.65892915
4755.69781246
794.48224510
7324.46435431
3951.58582353
2715.85906361
6642.07419335
8494.47143339
2253.43862337
613.58757098
5535.61081557
7580.36937910
319.92228152
6030.13329608
6656.59137990
4391.95986147
2261.54328479
9532.72931679
4406.67091081
6716.35778759
4160.50148885
5868.85870863
2075.24068126
919.56575338
403.98059260
3753.12060236
7484.91151038
9746.97532679
3203.36557603
9371.65939533
2107.19028976
9158.28703423
8054.09409740
4225.00897304
6034.09534825
557551.34
352103.35
73
4121.43803962
1672.00692638
8254.92908125
6333.28902818
76.68529573
981.35868602
4201.29230087
5597.47778640
9718.01901889
5921.90598897
4937.38475346
371.36852833
5244.62048307
4231.76495700
3913.96154144
7519.86748828
5171.13769980
9698.09551177
2256.21142859
1559.84835891
1931.16059540
7276.70497956
2226.85022897
888.76643060
9103.60979975
9385.61044159
6471.37666890
5802.57414711
1957.71723432
5892.17469204
4760.86812357
4477.56872598
8925.61300162
5910.69518490
6644.16625433
148.74309748
9357.73289200
3223.15363827
1614.41923356
1546.94286917
8910.81653211
4349.24422458
356.34632477
7916.03450707
7551.38064944
1243.09538530
2753.11660874
3283.86306130
1074.03193099
4733.10515280
2931.76685538
6876.81078556
1450.59423880
304.55040816
8407.32272531
9472.51738038
876.39277892
3335.05605807
1910.58314029
2230.21159992
5954.77144091
9687.23438998
4298.54592006
8876.50516965
8320.83051931
146.62417263
6092.36171397
3306.11622895
8484.73378440
4968.12549040
9870.16035871
3023.68387541
5951.84482926
644494.71
870328.68
60
1329.51508612
2224.77653377
6111.20487706
9091.72138286
8790.68345627
1852.69392551
922.69189727
4961.58050955
7286.20539611
7649.97529887
1998.43589323
3943.56324988
6383.33691686
8747.97677045
9642.51152786
3562.70661800
2036.40123691
7907.39502583
7269.89580897
142.77844695
3915.76608474
7641.06692938
5595.21600816
9269.47218235
1811.33179283
9534.46458599
9281.73965102
358.01193118
4622.78436820
7843.80681362
1959.42730546
2199.94443645
5968.78364374
8233.98430502
28.39954848
6316.98286096
9738.04977386
1553.20972485
343.88188552
7840.73429978
8719.17801549
8988.97531197
1641.67713347
4057.89272184
4782.08487977
747.32512083
4325.96007749
366.96131335
4757.71154093
2331.66197016
3640.39846949
794.77734347
2281.74937354
6055.22050713
4396.44556491
3691.43314155
7223.98958561
2886.10137225
6958.58590205
7400.22170287
897626.61
880439.86
62
4810.13348382
2092.59301604
2865.84932302
3271.24768780
4015.52178387
7509.53971025
3011.84594946
4077.98864892
1393.18272693
7038.42404045
9471.95519908
3832.79935769
8213.22514443
7513.18773951
3853.30887246
1682.79869140
5981.28145740
3454.95402304
6193.81552122
7584.09090221
6455.44429232
5314.50281762
8766.34746931
510.34828914
1794.80409260
1752.27786363
2106.47823561
4329.69280372
4751.24859820
9059.46789746
2773.04458683
7547.63844211
2321.92051512
3165.56146997
400.55813713
8919.51483195
3122.44039993
1924.56222113
3325.48086996
9228.99444635
2922.96892815
917.19518310
828.28678245
4839.78489622
9520.47654986
5321.57318447
6540.23666689
1894.75867860
8.41719839
8068.54630724
6234.44323871
3245.91346639
2067.14446930
590.89413068
7491.21662250
6121.51819545
1129.26947035
2765.81969182
429.13187058
9664.98170268
7736.79213486
434.38722050
582207.94
697473.00
79
4169.88191130
791.63843246
9494.32466399
4972.61930607
3896.38836127
9020.64240239
6150.78990754
4587.19867677
7908.91174536
2378.19406902
3624.99964897
197.15697796
2305.14611672
477.45672387
9262.36558129
8605.74056008
6346.84942225
5467.85265558
7878.11441247
3047.34878770
4881.80063749
4995.86551199
4006.07835832
5215.96230888
3026.14441674
7241.26509402
6419.47871986
6959.78608173
1303.80523825
7073.64854377
7150.03374710
1144.71850951
6733.44855497
3531.64197062
6719.11706424
6315.99796763
748.15055220
9139.57542495
4095.78720428
6829.16833251
9645.45192358
1233.06496496
5528.16600409
7052.76016477
7947.74129173
6311.26345785
7302.84019339
1393.72924451
702.81162618
8467.19372095
9251.81339664
6895.75404497
9556.63109408
2795.21577006
7864.37955534
1670.14958028
7983.38755371
229.06806137
5901.94888831
1560.69978652
1243.72313429
3035.82617475
4470.41640654
3031.11082098
8918.13154195
6646.03606511
2216.01014540
6633.06420048
4318.54968567
1934.25655787
2183.21092211
1812.44685577
3342.73518058
1565.72011964
4176.42193947
4072.63901200
2552.11001943
5112.51276720
2610.98169703
306319.17
455711.31
31
7634.72772950
2067.30995857
6302.05636756
3759.86936362
3795.19888061
6633.16243275
1303.23911213
7481.36745913
9002.62758886
5547.85329476
4181.45169516
3384.03792661
1986.45952700
4172.88606333
7393.74220676
8171.50689175
4612.96182132
9982.53291357
5761.93460318
1117.39982783
3512.34394168
1818.21284071
1040.39809428
34.06616613
4157.19374198
8956.87133802
4696.01903431
3390.20685118
5232.15967066
9122.39756455
5060.65452043
60085.04
869652.03
19
724.92400118
594.56357343
1074.42211449
3522.90525868
1113.97840152
9096.61668805
8747.01274401
4376.85374826
6079.78575118
3704.69458712
5363.17038209
5564.09823151
1087.98077208
8428.05894098
9408.13060380
1506.57865125
9193.24798782
9846.28889160
7271.58884854
207924.00
907131.03
48
981.26514216
2688.98470903
3102.26667969
8899.53220885
6099.33570093
7279.60196885
6487.25652722
3754.26590021
381.18099094
3391.57218106
9602.34768921
51.49056117
5508.86265924
3186.74675699
3646.00442025
4038.71676555
8118.37396769
6698.84450344
2117.48625934
7190.31702865
2723.82623562
294.94846991
342.09975265
823.23578339
972.47029503
4060.98005409
1818.58338891
7234.06653172
8237.30650387
1790.93620486
7131.94185290
8646.84118036
2561.99799404
8888.39401032
7372.25384792
1734.03509690
3985.62940931
8995.02040633
7913.67258653
425.81793170
8953.46540998
5485.09224678
3107.48304388
2499.04330959
9817.23385023
5906.19901401
5718.94412782
4524.26284597
133787.33
711434.83
49
2231.74585984
7004.12551825
9965.27656021
3658.14477891
6259.65624551
1375.06924092
9812.04437286
3785.94559295
2716.34843976
1941.75797085
9758.52555258
6340.67837028
3290.80085310
5015.27884338
2770.71442734
2205.55341205
1175.12195177
4908.91177529
3690.87191465
9725.24391906
9842.34860304
60.24852395
6372.36540055
2289.36385006
4798.05218472
493.64664929
5277.58513586
2800.69396192
8489.28278017
1711.21349862
5624.38302613
4219.79581496
9873.17084659
2940.64567349
6457.99181775
4190.84817144
9456.78632846
2154.21789883
3215.35409581
7040.39433645
7137.35697303
1454.59661680
1788.17051238
5135.01729995
1007.60231195
4173.85111005
8799.90414837
4598.17539234
7405.61016298
336720.10
173667.56
17
7164.17925050
4801.39566979
5782.70850577
582.86707325
4288.67470105
2996.82086867
6603.68463986
9446.01084585
1599.16487410
6290.93633067
7385.69590361
2168.13616311
1230.52191572
9496.24641119
1142.87595846
6817.63589249
3090.56405895
96680.75
248845.49
25
902.41870414
8123.12595841
5558.29464949
8287.72919131
7450.00527270
752.16198084
3991.28127617
5678.13252013
8853.49673658
9289.75488439
6990.62640441
1668.92135533
601.90488158
7860.29458210
1804.43340733
3442.87931297
2925.49757969
1700.63262518
1693.83604412
2128.00113347
809.57609707
7351.57417104
8563.72003404
8413.59173161
6759.91110610
526632.10
669861.98
59
5411.12805460
3911.35720547
8143.53449640
2145.13160854
4172.77682070
6744.64875246
8441.67429006
813.96733936
1723.72526813
7560.92977578
211.33067135
6055.04292628
9702.50960193
4314.84289426
7634.63985338
5112.08516396
6676.91404207
8002.81243462
3594.76713241
2384.12076592
9430.77148258
5471.53202375
355.82606719
4732.60499419
7219.92889832
5803.03030329
4426.77515774
7658.38711374
5468.07289951
2132.16924594
5098.81222850
7674.94143126
7445.84813596
9092.18291098
1014.30952944
4393.58260196
7568.64317326
7365.41525264
3371.22609994
9847.03772786
110.90284412
5437.80773248
580.34322409
5553.53997268
4190.59637735
8095.26079587
3467.67128833
9401.99972365
2779.13329754
4724.14146538
3212.86490676
3182.24170898
6021.80873571
2929.20273665
2001.28660423
6390.90923763
1887.46519658
7672.58631436
1205.54082755
309212.06
951721.34
30
9252.63166436
6173.97794328
5208.05173879
2072.84240105
5155.59390868
1634.50918465
9328.32927121
9213.75070724
8027.07644290
9915.25023199
7318.54007701
9094.86038764
6722.20728339
8264.73070882
4149.43908519
8338.10161511
2481.96904798
5466.95662030
8986.94468031
9966.73239112
1697.46799493
4872.21744054
7700.78471547
8559.43980962
356.97797784
4343.49224163
285.58997124
8678.11923303
7444.84397587
9285.79816373
921555.53
832416.93
36
6427.38825632
7815.87046551
3329.51482823
3154.05146618
6713.66337781
756.44702013
3044.97106677
7126.95349023
4198.37615224
6208.17370645
7257.36056229
2348.14519800
7241.46762707
2592.64259285
9996.39623227
363.24164415
2593.53529961
2824.58341043
7086.19270330
7433.03034887
2220.39710444
955.27364457
8828.85156758
907.97429850
8875.28753351
9161.10722460
7493.72669317
2005.82836319
4211.46391809
8572.41544339
8220.23991681
5954.41150780
1510.78111297
8624.78831016
4906.04382184
6616.17477299
469125.25
128326.13
88
4168.57810821
2691.07531162
9414.47532298
8653.50225318
1360.07238167
3991.96219421
633.62349177
9063.98687943
23.50487934
6847.51171170
2797.58894826
181.26290855
698.88716963
3768.83505751
8971.20262386
1183.57752002
7237.98632864
7636.08137866
8027.66370340
4347.48505871
1882.74123782
8454.10524234
2465.45520115
3469.56909237
1921.28206571
9269.30705894
9261.34386657
8553.11744699
7437.34250418
1666.72435721
599.70406241
2846.18433730
5853.30258501
8672.03384544
2630.63804940
4462.94647362
3857.24911668
6155.12722867
9912.85073299
1983.35348066
5740.26114295
5013.72086413
4423.56206249
4261.25966091
8619.48362392
1797.56470550
2428.14124980
9013.99446739
2877.82924143
8037.64970546
5965.81627843
4755.18914032
7464.18418080
5890.11647484
8121.83465123
363.26404740
9987.63099307
2300.72993649
7099.62675457
6965.38059570
2668.13394974
5929.30419718
387.85713573
8542.21093865
917.93264049
5521.17692792
4776.50197985
2821.02455991
395.20879472
9785.33620126
23.06748527
6478.87319775
2940.24751595
1773.51126890
9939.47154904
9795.60057361
5533.46806942
7011.07433633
1641.35695774
6312.67241398
1044.54888043
8553.85694498
5638.83398183
9724.31060814
4273.57113813
7569.32687608
4493.02487456
5041.62573002
786935.32
942755.38
66
5099.57736127
1979.17220576
8964.74272600
5366.79715896
8137.46373944
4389.73290349
1111.72296564
8488.27251579
275.93715929
4597.45447445
4673.83507453
7816.17199979
1376.43321819
4450.83704763
225.50312873
9682.70345628
6729.65858679
1200.40060442
6215.74311757
8199.89423650
9754.04244978
2971.14299019
3699.30745770
4297.21324039
6028.65842872
1151.12506462
9036.08583840
2673.67077632
2833.23361935
645.00856021
952.85250441
1392.05814050
9676.62054044
6351.25854238
2294.06386422
4244.86959673
3226.20965206
2874.28736832
5765.47501888
4452.56289102
8655.80823191
1567.31701512
1219.63048558
3218.39077628
4064.53755295
1651.93514769
6882.00547256
5248.19344556
9276.46019978
8800.92104554
3675.38263399
4229.57257759
3884.69386646
1547.14125730
7537.71532550
2230.17273932
1964.87235701
5142.22671841
1838.42905052
9065.87496727
5271.74849305
9966.94551041
1575.22604986
9204.01703391
1162.28771682
6680.39811738
399320.08
247664.09
87
5263.57023371
5281.14426992
1273.25084344
2986.63018120
1933.15627221
2685.88085922
2859.93824018
8648.91044388
1379.10091565
3645.51702145
8731.44347397
2174.80980490
3283.08907886
9870.67979370
671.57374420
5294.76431574
2688.84878080
3514.18367992
623.83462265
7866.93588014
6446.58128801
8794.32702885
188.19970415
1120.06028672
2975.05539777
1706.96478809
8475.94570474
5665.50820586
5123.72085384
9089.92437108
5547.98988037
9240.19867797
2433.93619355
1160.86279742
8285.45718664
9322.95986488
7467.58911239
5243.51042792
2301.20539237
2432.05997216
7062.56776645
5717.89237243
6562.82319432
8764.57618500
8416.17992765
7434.37254023
2157.48312831
1296.29914489
5252.91108898
5437.71835128
7880.37505574
4731.34251780
2645.76346182
1089.67054553
5870.41055185
7343.74661620
1329.47428185
4712.95048485
3482.47879883
6116.93562434
9223.89150199
577.30547143
3553.75246181
4651.91071397
5494.37765405
4450.55305555
5157.87500777
6350.45024011
14.61971268
8985.54108900
4509.41167704
3239.26852040
5181.96000582
1376.03139807
1349.51119602
5523.59324769
9305.68599321
4894.20842485
6611.81577095
8070.41006769
1762.13786908
1330.92624143
9459.28932908
7333.24761222
519.85755434
435.61097685
1055.48579463
790634.18
932456.68
21
3719.85733064
478.35967835
2181.25661478
3957.35449618
9046.89815964
1081.50930055
2256.41686429
3380.88579386
4290.92813437
8629.70000274
8539.65691444
9128.43912923
3854.65104677
1494.49512137
5021.84444192
9710.38136041
8342.83482546
7603.09027960
1348.72709641
3388.99643254
6830.55126047
29303.73
733428.55
36
3597.99680680
4723.64997084
4219.05511756
5341.66133345
1233.26926275
2338.91953382
6948.37861120
9847.00661357
6662.48395905
4972.64587511
8431.12082254
500.37915701
9162.82585825
2066.60016355
7728.92578800
6723.83619531
4395.20242904
4386.51999477
3581.59472980
1139.78451830
7516.87714902
1300.36799951
1800.81873339
3337.73312664
8402.06774740
7468.68907306
7580.39306456
6356.70789489
2378.80819336
3107.45838432
1566.42129936
3293.28924409
6610.41081862
6605.27688107
6874.54073370
7733.40371632
850894.51
694501.48
53
1518.21415894
8114.51969395
4944.15279145
7087.25158102
6959.96914869
9527.00975873
7457.05273010
5001.89328226
7114.71901793
1685.49796191
4355.05572922
997.43584507
546.18525316
3582.70265638
3438.88877090
1341.61732980
6451.84558665
8566.68230000
2382.21213963
7939.47432029
1164.19820805
1510.61288319
2710.87254933
201.23976118
4160.46005002
7833.93166890
4417.96781736
8358.93726252
9422.58076306
8139.15897562
6864.34987502
9122.87709578
3949.05272933
6872.26057211
7595.10023161
4592.64141379
8350.47859050
9088.09579354
740.96205494
6231.94910641
772.35226318
5076.38456251
1353.33508391
1953.51733033
6970.29255726
859.33814701
7457.95475041
5850.46350073
458.43461900
318.39006452
4622.12766676
9007.76288968
8161.93827087
791025.83
121798.19
70
8323.10885151
7912.89617972
9551.77506944
4958.08333584
8215.49983258
2438.19725919
1135.25981441
6245.00630415
3822.17567503
2567.99911438
1627.73559557
6862.78852781
9608.86682193
8906.50962592
1998.42472302
287.02737108
9941.59885140
7496.05627286
3382.06202936
9160.68878311
7663.36172492
553.77391912
2045.43458561
8868.22484779
3588.75493910
8462.21915133
9671.49046012
8435.45307451
250.47763195
4956.52578401
6470.02128455
6126.18252528
6303.45520154
5458.38522531
5480.23498756
2296.48181697
5756.10615469
1561.89072702
165.67166779
6692.20951193
2289.62405916
8205.20990425
5254.97519612
977.84481013
5469.38936687
7201.14679285
2028.58066729
8037.79274564
5670.07276131
7486.39780165
3328.68691765
2207.97838398
2229.80213954
7500.85873123
2231.52782330
7650.09986251
245.91655829
8691.90539383
7457.42933714
3525.88728507
7857.22263941
203.53232908
8333.18803575
606.44923800
6307.02499852
4966.00006860
8061.96826458
9959.43422974
6079.21496055
9179.65723334
497336.69
302003.01
98
4469.55745699
5593.02319814
1733.90007411
446.57139529
2648.74172143
3450.31721112
4227.27925577
1420.97163915
600.21676203
9834.33697760
8470.00234240
4030.29019957
8537.69641130
6160.32045409
8559.24738770
6301.36007289
8947.06108151
8249.30292498
644.83084614
6146.14049400
9078.88311711
3200.93044834
4042.75582592
4665.62040573
3266.43798106
7902.77931186
7963.24116897
3998.08556013
701.00134319
4198.36923076
1428.20847642
677.96005357
4592.36955231
3070.70974395
2014.98470244
3826.06555695
1330.78076426
128.37273884
7984.95534007
9922.02755327
4836.53655559
5724.41019145
9214.91431234
6104.00353454
9749.38139336
1779.43860385
841.40263012
8942.30368264
9599.16024339
2978.49031536
4938.63467417
3574.11438211
1513.43507545
4644.55209104
2870.07561783
3455.43974896
9772.22122515
5780.78367666
5366.98341932
3101.44546822
4844.57759964
2442.14966795
9346.74378263
1514.11214753
392.66629551
7477.73448964
1932.45927558
7999.41244881
1472.68209693
9227.18859798
9832.49533805
7480.52273572
2872.66513470
68.22288351
6289.23642874
7371.50287580
5868.16711992
6223.32397977
4671.24415777
8475.85466657
9206.69473958
5239.08573342
239.12619920
7190.32234204
8726.38263503
5775.77603273
2874.44619796
7479.23555978
499.67018000
6477.18956755
823.72276438
5586.60923390
7743.80766411
3555.47590525
471.29103132
2588.95260791
9240.94812806
9424.18753443
66833.92
370140.23
42
49.04958555
6405.66731525
150.53597865
482.98248998
5141.49887589
3573.86430280
2663.52396110
3987.40783967
2944.65512620
5047.93927687
8841.31378743
129.48372016
1583.16908965
7471.28650558
542.23189864
454.83538276
9436.15838072
7366.28550571
7302.53158630
3261.28430249
4924.82394848
2354.49277562
6233.28203371
2928.21912980
3998.91998193
2995.93510747
325.91356250
3437.26154166
1087.54251047
9198.32906516
6398.10952885
814.55394439
9741.91740925
8552.68160399
6763.25386578
2721.85707230
8504.93659545
7869.31203170
2634.13396332
9143.18090343
8682.04864880
519.14086269
641682.36
666612.70
1
5785.14190074
955488.86
762682.43
50
8407.86617455
126.22656641
2056.24320902
9239.56249550
1689.37239134
4073.68079383
5216.00215642
7694.27571780
834.20578844
6763.76603684
4752.40413762
3230.06253096
7649.99355852
4825.70136433
7908.30259310
7843.00721357
5952.10196629
6119.65977145
9995.19882203
4792.97400339
7853.30618123
8770.06084301
8504.49884903
2464.34138148
1971.72581838
6754.09026651
5499.96695137
7905.21359928
4887.94391255
7912.50496191
467.49491861
1205.47418222
613.56561423
2267.95608473
4215.37501974
9651.12712569
2635.61403456
4724.86188951
4983.18779746
1777.19659691
9687.93484268
9094.74358440
747.92189711
8842.70188273
2246.47637660
6819.86871920
801.78710426
4418.73959173
2038.46864903
8190.56844294
164905.05
56892.50
96
3465.92730752
8058.55306660
466.93026272
7837.39580034
1812.11669254
6740.25047227
1869.94395193
2524.52119787
2244.69039159
7140.03467423
4492.40321365
6301.62084080
842.78232009
3877.87979419
45.69219843
4744.65072851
4301.07583187
2573.43977792
4682.62695978
5950.85746110
5920.70303217
9300.74911360
4250.55938953
429.43209831
9809.90516390
3110.69628934
5186.71465328
4536.42031181
9577.05995534
4865.78862334
1848.63297459
9682.62612325
6754.09425420
2045.05792935
5106.31971149
9815.03243931
2348.28747372
3804.76237738
359.30910693
8670.05467632
5609.07476843
9935.13748068
9152.44982428
2485.73763216
1131.78664362
7516.50616617
1488.37942204
5019.95561375
6392.63910868
3992.58664869
3210.56380335
24.30426177
1904.32776870
561.27084015
2489.33123984
5552.03605210
4854.94738444
8318.12320072
2312.57963034
3664.11724864
1501.81655508
3396.01885348
370.92094506
9950.97561278
6888.66722857
5381.76729290
4752.97662054
9260.07171981
5628.71941916
6699.12085541
1623.47466922
9418.55268254
7481.47217734
3123.48133228
2085.00029564
6789.28121468
9573.39320948
9238.58494413
4659.31284553
1747.22146524
9105.40849429
4169.68152017
7310.04679083
2911.75235878
9688.20505526
8503.74735547
2619.43181668
8307.26912079
7232.98354860
7437.69401577
5813.76918536
4004.39064170
716.25125652
2555.64548954
8012.52709662
6421.21483678
872397.04
17073.04
78
3308.53731191
11.91756022
1183.57362887
7244.62053341
4168.16336353
7017.08921396
8023.74639304
4865.29207670
4180.58606100
9875.31183387
1264.70120662
970.37417220
7532.43374293
2643.54153871
127.86669228
9008.50343978
4810.03054514
7083.39668387
837.86839705
905.79010207
8209.63282439
8895.64202746
4849.00826154
6281.57926661
2360.74823321
1699.66737101
6829.87333541
5278.82838913
5941.71732405
3844.18039177
4599.32583498
2269.33959079
9769.47438093
9720.02718817
560.42843375
8212.25596827
7614.14648948
3580.02640327
8924.03689023
5223.63847347
5332.26766562
5281.97446661
7510.53846236
1315.75042013
819.35668929
7450.16679821
6279.57330785
8158.41317182
3881.75985989
4951.70049682
5836.62303302
8336.77100684
3455.41435275
6378.07923761
1586.54900202
754.42716672
8395.47482883
5835.16828133
9290.59953422
7922.29951282
4155.87468046
3212.71635665
3009.21288224
3014.38496658
6739.19900460
8671.74494290
3930.55858771
9633.44495458
8217.80800533
1961.67926106
8275.68818755
3625.09391287
1730.94698133
4603.40508454
8039.07764435
5118.46905653
7666.94748074
8937.34721098
789185.08
80275.67
41
6353.80818085
7327.97057081
8317.73410920
5635.86382601
7853.13663678
4468.87089975
7459.95456040
1594.96007351
2850.19088127
3645.05771955
5110.23112220
6410.86204090
8531.48444757
3120.95400783
6109.28004879
156.75705097
7354.31520849
9938.29280127
9414.26778848
1178.42105209
3526.08062148
9458.20267077
8105.52461945
9386.08700531
5378.91549633
3296.11803844
3425.15948877
401.23073740
4759.17250519
1967.43351938
1729.62736294
9813.41463272
3937.36975781
5423.70562761
4869.20911812
9084.33825585
7001.62104130
3071.91965903
8501.87170198
7436.30726324
5060.15761202
956163.96
794682.46
97
5683.70084075
3233.83668462
8418.18110120
3105.40689133
4919.83047533
3835.11649026
19.75008776
7427.32761880
4406.08187102
2777.77198106
5890.82717004
4055.81722739
4816.52677942
7194.31067903
3105.26191673
4123.75721695
1690.23637996
5799.96395950
3781.22576783
2854.51017143
1108.66311542
534.41222493
4966.61101275
4381.21359124
8084.87101767
9640.46725645
5129.13125649
2413.68041897
7943.85015464
5176.58422248
6253.80981625
385.75691350
9582.99994247
4927.57693341
9167.71917598
1448.05819329
6948.47705547
9162.64428458
1626.81217613
3964.97270508
8204.75887783
5131.10205490
3585.23228481
7816.27039115
9796.64163462
6927.79682827
715.57966611
7776.04450153
4191.19621678
3272.80304505
8370.29913111
7388.30291631
4443.46395104
9205.28856075
6872.41752661
4636.45715608
155.00476406
4612.82568244
6839.79932888
4780.13380382
2861.87345234
8129.71312032
4110.02183881
7093.65573247
7203.03237097
6053.05799284
5610.21862479
2051.88748817
7257.01713216
4381.56475838
94.77768402
5048.30132933
1589.07589547
9596.76836772
1198.22737760
5137.91985972
7770.88548458
1992.42486087
2143.07558971
7507.88481699
7514.02454391
9111.74569236
1669.13872773
9765.09985615
2799.83156434
3388.72298196
8629.48404236
8816.28994704
3442.71448313
2566.20303683
4710.08311808
781.13440867
2323.03933359
8951.61211731
7672.27962775
2195.78165415
1814.31662306
394702.82
584935.11
34
3360.87409574
6598.96911426
6421.61581155
4858.27399083
4318.67225258
7709.53490910
5983.01418176
766.80948871
1437.13263255
8413.69170586
5620.84704788
9263.73702197
5856.82846673
6735.51921239
740.77685994
3005.91580961
6143.35103363
7905.84391440
1306.11870623
812.03428427
3100.14508634
8913.55284519
5863.94504449
5131.42017743
52.44548466
3333.10980462
9641.49393853
2563.54775785
606.50568124
6302.19930682
155.49052904
714.00322865
6193.19900002
3686.59821190
896133.66
541932.12
28
9044.84057410
8553.99806738
138.33869363
2920.89770506
1782.34326617
1654.11128006
3401.61012176
9794.25841074
277.52625745
9069.13158471
7503.46252885
2262.00255113
6942.99289945
443.41495904
9599.63758809
1032.60769123
2991.24720805
668.84783722
9673.68634566
2099.08274018
1189.36259829
6943.10393593
2497.22223274
287.45990824
833.12966503
5076.37631453
2037.37374555
1884.41875086
932822.44
318013.80
22
2919.02035512
6101.99277361
1289.15905599
2452.72958194
7190.84700513
6364.19822287
1589.33053457
6756.47722940
7712.11714740
2208.88319445
8427.16950311
1263.99982206
2550.21583794
6651.75892931
3051.71026775
8388.19190978
1061.91722787
4193.54596938
9074.60912433
7037.78563019
2781.80771748
4046.78400904
11619.35
603339.99
29
8596.78370164
9089.80974328
7573.75155663
4307.27407977
1156.33210376
1128.53757871
4402.16452407
1496.02367056
2057.79192367
5725.15159898
2612.06924463
6867.30002200
9586.41337042
9137.85597260
4966.25612050
7082.05724900
8911.59158942
5724.52058079
7099.85288977
2683.44226710
7862.16725051
5561.02304606
6388.19900906
8942.36311562
5473.04831801
6049.26819639
1002.09948267
6100.90882947
353.30472255
57243.89
332705.90
8
1740.56891816
5138.60940783
3465.40819745
3814.52818505
4381.95608833
4396.77379742
677.39348029
2560.71447699
493853.35
136865.32
37
3842.70841133
8704.11800557
2896.90415864
7236.90512903
9267.44795703
5242.55130996
7288.89332570
9726.49667053
827.22243980
6117.18930646
6963.24397014
4801.48136728
7925.07133954
540.76596612
4323.64924997
7243.33970520
8162.82929839
6506.77950379
6496.78934811
9647.09948217
2803.50273189
487.84241430
802.13090805
6726.18421780
2803.92816842
9721.35386044
6839.23457157
1525.42887935
1348.79962849
9625.39158211
8009.02097523
8880.11184016
4697.62846274
869.06225105
5254.14043582
4328.41733633
5969.31127628
724567.39
612232.00
54
3692.16454929
3736.05056890
1574.31217542
3556.78672040
8036.37918404
5330.79183824
2715.33180168
8071.58434778
3235.46044605
779.32493577
6589.08757796
5899.52706484
1725.43233250
7745.78872958
4369.70038600
4169.92644538
5864.92889392
3678.35567654
4335.74393310
9116.28400725
3860.38933922
7503.74460640
2305.62359416
8524.10228038
8812.48093609
8307.00639628
5734.07404372
8698.51998519
2219.56573482
4825.11677573
1551.58815651
188.64168912
3371.81925558
4279.83744795
4158.01982497
6437.15398625
953.08684823
6613.48010504
7980.65425395
5864.99132021
1831.94374696
8367.22245733
843.64894441
4818.78946809
9206.20997384
1390.59155145
7784.43610436
7064.66689700
1882.33918414
765.39330815
1757.61527755
8416.63894889
7485.09879938
9402.69096205
187856.35
477757.19
47
5898.40096749
3309.77970981
5658.62075815
1476.48896620
4205.95121102
726.41074024
5516.24179715
1383.84124648
7619.13533157
7561.05259895
3469.48460015
7402.04993707
2763.23480905
1521.70265217
2077.46267430
567.05889609
5163.47540742
6310.32843694
8352.34998478
4560.26334130
723.80473939
2966.71863568
8242.35972839
1555.69119825
6051.06259913
5694.74194898
7435.08110738
7139.98811170
5229.27017968
2471.34177642
5555.06021031
7736.66172705
5153.29142060
9778.58056361
3567.65362923
9373.82978995
5087.50326131
8346.39136745
4648.59101108
9924.93894254
9935.31193537
5204.90300760
4154.37644941
8535.29780728
2487.26201728
1019.91472890
8145.71514950
700552.37
386001.67
69
2780.63376581
5910.74252710
2691.45977564
348.55943708
9273.01162722
2095.64978357
2569.74005109
5424.59942870
4959.63059345
1966.59743352
4258.25594825
8253.32616461
251.84761014
1400.90262957
1589.24126051
1004.37891095
5432.78821011
7934.41067938
9876.53470591
9579.42072968
9570.36014691
2867.91359049
3571.22899123
1718.47152803
7455.41217080
6236.73258016
3429.70967731
774.69700288
612.89061797
1490.18865641
8830.19540171
2915.01231540
6364.71875970
9824.06380771
2508.30734575
674.12591277
2090.21156367
8178.68976553
1474.72675946
2274.17944401
9128.67805299
1682.54257456
339.86612244
2628.52558256
6009.16168031
7715.03040151
2403.33237767
167.62444196
1285.66492214
624.25725625
5021.74817771
6811.78171013
9177.32182296
6371.58573992
1270.18692363
2413.93168167
8690.30942757
6806.02113138
9193.30892987
6964.70113276
2908.34585168
5990.60474829
5887.05115143
9416.02550979
9673.66180995
1880.50039526
3258.24158184
3213.06890618
2338.10029998
562609.43
277136.62
34
5994.72426540
7834.42434508
9180.44085301
5662.12555921
378.21556126
680.57111398
6800.83290426
8895.70042331
1775.66742103
6354.73719097
7638.72048016
2863.19375133
4846.98491331
1016.67497615
6126.13486121
295.15425334
3045.78469951
3813.23549611
4008.73036168
574.80914185
1286.67321105
9576.19682789
8503.39069444
6551.92508625
9303.16777636
6061.46977371
6615.68178703
9544.61590517
5278.02212868
678.22389838
2637.31430261
1419.37095462
3085.94736839
4043.80214113
608011.58
666736.03
42
2473.36458140
4585.77543010
8003.27155270
8302.33205895
7423.23816335
7804.12074751
5877.35143090
8124.03951789
7241.44490123
7131.18304318
1070.85234499
1104.63692464
9596.02128176
9964.27590476
2052.86780187
8338.89023563
9441.90560776
9517.64371083
9389.65011611
1286.86133393
2075.09959176
9781.75233314
3358.43757952
2272.62163011
5617.55543287
7701.28527362
5917.72960507
6541.85357474
2712.73610305
7601.68179801
2103.59639391
3981.17150369
8727.24530563
1918.75647616
141.55819326
4244.55410135
4599.84337962
6089.41249772
2341.87369165
7994.55248410
2519.20362506
1569.53658487
487802.78
972192.84
2
3172.72182022
1915.99872607
128529.69
278018.30
93
749.58570833
9241.27138359
8494.57466569
5460.07766199
2873.41545256
6606.08242578
4678.69206402
1628.19279070
7226.73428264
3102.43489573
4075.16429817
2997.66492281
450.02391905
8944.73721547
6275.16111747
5921.62037462
8999.80818723
2109.72174358
2527.12554481
3667.68513716
7617.81053124
3546.49881000
4.60961902
8876.50253401
4777.40173479
9189.99381469
4578.41924269
8127.97371253
802.18653816
1277.12083885
22.21195726
5726.50666276
2412.52410631
892.34524175
7295.07564720
54.48686688
6318.48589969
5575.90232038
8032.61282638
6317.17527340
4871.22322859
7032.41564029
1381.27980489
253.72687698
588.95128228
8121.66620508
7435.04402821
5201.71569209
7583.46101065
3640.28102298
3622.62438381
6470.47949596
669.74142659
148.40883789
7829.73027276
3066.87553670
1244.46557838
9211.50341136
1709.19638728
2126.14201111
888.19963763
7430.70336587
223.03524489
2800.02349130
1871.82406103
1743.02080789
1765.56947517
5312.67561133
3684.75912455
3471.40094530
4719.33509845
4785.99146943
2687.04369098
9417.80066373
9937.52784328
720.80109700
2114.16729594
5165.19901874
2694.35695749
9371.86591907
6737.86968168
9253.08109502
9918.91280534
3758.60469889
2959.36495110
5350.22613880
4092.18956156
1298.28308905
6645.80349829
2372.36611032
297.00140901
4047.59632660
3617.05577757
841220.75
66887.80
52
8018.26289820
6802.61717021
7503.96795059
2518.25734011
1494.20026513
7482.97375548
7958.98147461
5733.71035344
2455.20470069
5198.70135138
5615.78329576
5101.45316766
5568.05364653
1395.89897495
2490.95698060
5278.62697694
2711.06600419
8949.25035559
9466.37968854
2052.76024286
5610.09117895
7259.27683604
2959.67275255
2698.85700520
3666.41520306
5378.31325488
9843.55319317
4540.53960918
4624.97579811
3115.63560944
8818.46788414
4253.41041871
9607.21118536
7283.72248689
2900.57150087
2958.59469578
4610.73304202
6662.48511750
5184.70459633
4384.35303959
7524.23654828
3595.10401323
7737.17034381
1818.80615378
5091.35795848
6055.93418597
5293.34376189
2619.56326350
6837.92056346
452.73762076
5769.45337069
6339.47087215
594911.69
260888.21
3
5176.25571591
7002.22634626
1417.61030594
939122.44
514627.17
91
5575.22145201
1540.30553849
8936.43987098
7339.30762216
4378.23716386
2757.59772996
674.57834573
9342.88437241
2282.75423258
5871.47680959
2336.31420790
714.59682789
3145.19801743
9119.44032959
2647.11352797
8230.24092136
3103.24666170
571.66976199
7757.58483107
3309.85573488
2378.00323768
8710.53995439
6736.12375396
8039.31576445
453.60729682
8365.68922278
8941.35440373
4609.17759699
773.59071307
7331.63837011
4090.03649119
5395.81280655
9033.13434784
913.39472257
8104.02346158
608.75572181
3479.91185103
3660.16611016
1067.89896127
9434.10406333
3690.01143481
166.49986742
6787.46872049
1403.78701624
9684.62496574
119.17840957
5909.12259793
9426.85535352
8973.28990785
9782.04983949
9687.53468420
8273.32259983
585.30714014
7919.24845361
6073.84787866
8298.27811059
7806.46428288
5969.47744012
3898.81052242
3433.47047734
1535.74251711
7807.38966578
1363.50859335
6592.99710684
2070.56862177
127.92607388
617.69464739
9229.82873794
443.00806977
6714.73732232
406.44676104
5307.61841392
7680.32758154
3538.50644548
8445.36778598
178.53449275
1553.26887094
3487.85037609
9260.45011573
296.72736216
2821.96796083
4101.83189996
8753.94401674
8377.63123613
6480.06517591
6948.95714789
7418.63835821
3167.66014985
4846.95624924
7146.41758524
3287.28908083
952792.64
704838.38
7
9681.40142106
9157.80757895
1292.51086910
5670.51412322
2067.12182860
8007.04318692
2046.65370067
495710.07
183684.30
46
5695.77487739
1436.09118029
7501.66819377
1049.63456684
1534.34430742
5673.95277199
3479.79515187
137.44633246
4679.18914598
1438.34184068
6736.71045985
9963.63731980
7496.31898308
6021.07340706
7063.88382130
8236.36584562
6220.37896829
1606.63484504
3447.91323741
3597.71220837
9191.62585798
4096.78658174
4614.81084876
797.62084502
954.50603331
8801.64633319
2595.63972441
9899.11377796
4035.96415057
1292.48521702
259.35157656
846.23413786
7299.28132909
2154.92480445
6101.28433562
4885.12487258
2264.48025858
46.23795223
2979.73970036
6094.15687491
8039.20087198
788.52886376
9411.99152139
6142.67983463
3003.83855506
3884.71701047
148754.01
776915.16
47
6249.16234911
9347.90933781
7618.96845824
6975.36853896
2870.01265888
4846.08673162
8623.92148120
4390.05271799
1423.90470625
6145.83615029
7447.53876707
9323.98819329
3735.01591008
8763.63245884
9565.49987642
3032.39042411
4676.21851424
1301.48520060
1482.31126380
6208.04628298
5007.30315779
6519.83019158
7411.52744481
1939.13396881
1658.84982046
4091.77649533
4823.83515890
8584.52384897
5330.62378611
1901.75542753
5669.99565568
7229.11889307
8795.18895965
1508.58554291
1341.38988846
5147.13207023
3918.66989348
2840.76034427
5931.15265348
5656.38706982
1541.32973368
6509.39703996
4607.89943858
493.84458920
4125.31822145
4604.24532372
5750.62743208
234274.58
522654.19
77
8960.43802461
6231.93628140
4568.04824846
7085.58663217
1649.97358895
6586.59122875
6301.27348900
8909.61905221
1347.44722209
1047.05585841
9212.03134266
5810.68683300
3625.58186480
3349.38192962
9431.00208960
2163.00405641
8322.91477067
5706.43409985
9382.26895005
209.20008308
3742.01766081
2026.41061275
8277.02558722
3101.46320433
6928.00745220
4189.29291119
398.48248407
2307.16343151
9287.22215480
1986.20385330
8630.99660458
4327.06730950
6680.41268051
4589.69516085
2431.91537976
3235.88906912
3920.93983527
7811.99568851
179.49010583
9902.06714211
9507.02930749
8119.54034027
742.64766883
5671.90820792
9403.79135023
8401.46798393
4488.94499516
1574.08015912
6579.47815838
1768.12737917
9621.88918428
4819.00831023
6246.99068232
9413.13852073
4985.61560928
1720.41254628
4005.86949464
5628.51315328
3071.13298027
3885.23535195
6371.00941748
4515.89411779
2670.21504322
3138.22119636
7760.96915335
2545.26820669
7639.20769573
1560.22346721
7217.05447604
7745.60001865
3710.13731874
5536.48853088
9271.88174914
3876.28096539
3773.58061757
6506.78055639
9262.04601157
281988.66
417021.27
51
251.13767966
7184.29222971
414.68504761
5786.16991858
4974.23801405
8345.19445801
6411.62958508
6136.14995526
5906.80658546
4597.86888223
0.25714098
1414.75434842
3763.76861175
9318.11333066
6879.57727958
4023.37047085
8965.59563671
1940.28087440
9390.87045180
2001.11456361
2879.27060802
7049.14997382
1328.49736339
698.81385193
6464.98330514
8584.58576126
2118.96562410
7233.90954507
4254.76494157
3494.53285281
7537.62641430
8092.44658698
5223.62599492
2713.27369057
1167.89738644
2550.35230106
664.89773422
1423.33283903
537.44972616
1974.39040573
3124.55375552
2519.09791384
3699.95940844
7759.84031239
2606.85465784
9718.27448502
272.33807897
124.42488377
707.68934918
1573.00134766
3069.85032077
379480.61
819072.35
25
9491.00704543
2642.58062229
2589.45295878
3017.81922599
8508.65117499
3527.64682183
4347.89503353
128.87304679
7478.93856074
8059.11943541
792.96942994
5298.26358570
3218.56700768
5732.61231885
2545.27459337
7602.53589574
3921.50666221
3420.71084368
2720.71886743
4601.63390305
8680.55899862
1201.59156629
3193.44972872
9585.26881620
9918.25670037
701409.58
249820.15
70
104.83076249
9222.60365116
6952.46878655
3430.02089288
8496.94900069
4060.95987420
6796.32158930
5961.50782862
2470.06835794
9874.73173684
169.20695955
8189.47325427
4438.59319289
7295.55029913
4041.91539477
3065.27506646
3654.79921768
7664.55399097
44.02341417
5782.62094224
6384.00381464
7882.20205196
7053.59912787
75.14305288
5305.37950077
8135.42552939
2474.06868128
1217.34937007
5698.36607508
3783.44495316
6565.17158448
4337.48297285
5457.95239180
5034.81243804
4623.74071956
1421.73428741
2706.50067809
4492.49624701
7281.81776249
8577.70807322
892.45820946
2302.94522352
8710.84472584
5957.52351676
7945.92372809
4526.20308880
8198.94517844
4905.70656895
6575.97191706
9841.32927908
7450.83544078
1201.55028019
3686.43442218
5075.50137076
1083.25981228
9600.76187499
4033.04843678
3026.95291814
1731.77738263
2861.42189309
319.04224859
983.06582922
4569.59717292
2860.56834021
6637.02603129
1603.03349940
4985.99219785
7315.33572478
8278.69515788
1205.27948876
318658.79
85954.44
51
2792.14255097
7651.26850502
351.71407770
1100.71826150
972.54504111
3832.53765696
877.26699373
8947.08355335
2493.93997410
881.71648292
3269.50780136
7195.60714290
3881.56801348
5077.43021408
3108.37359113
7954.37728300
3438.42195591
1384.89335544
9509.89879900
8904.42584535
9557.69200139
6069.68439349
9894.23659354
6416.88741590
2831.32189094
7129.65186814
43.41989512
4521.59341949
2433.20169937
584.64751261
7501.01307191
9481.52864257
1936.77110573
5188.39096205
7131.63518618
5730.86991047
6242.68902165
1973.15583575
1.70822864
9357.30668244
9596.72365454
8824.99999605
3914.61873239
126.08359948
825.12099113
869.06258270
9215.24194402
1043.25163621
8103.20050663
3112.80136105
5314.61420202
229982.68
1284.73
43
3831.19435376
4226.78279347
5277.12747290
1017.21543384
9638.97133350
9193.24199488
8555.66341869
4191.55612967
361.95845294
9279.41246455
9643.40594821
7740.07969562
9400.35518537
9343.82122604
1349.82260975
4922.66537324
8454.75779849
7863.47356752
5657.48079526
6270.07271954
4507.63826730
7171.54018296
2789.34020639
3426.97336793
7892.59824841
7628.58300392
999.51509013
9730.97413072
7778.41272417
8306.78396201
4181.65606617
2711.46975258
1367.29521128
2155.08444396
5362.39025738
2852.62073386
268.62290701
7309.90959276
4363.02692555
192.90363546
7493.53542985
6690.21963776
4151.97195728
10000.00
10000.90
1
3243.99999999
10000.00
8900.90
1
1100.88888888
10000.00
1000.00
1
9001.69468888
10000.00
1000.00
1
9001.56847099
10000.00
1000.00
1
9000.69475555
10000.00
9001.00
1
1000.12345678
10000000.99
10000001.00
3
232.22222222
232.22222222
232.22222222
10000.00
1001.00
1
9000.06947000
