500
6
5
7
9
2
1
3
7
3
5
4
4
6
9
2
8
5
4
1
2
8
10
9
5
8
1
3
2
3
1
10
2
1
5
10
10
10
2
MANHE!!!
MANHE!!!
5
7
1
7
7
5
8
2
5
3
8
MANHE!!!
MANHE!!!
9
9
7
5
8
4
7
9
5
7
7
5
3
6
2
2
9
5
4
8
6
3
2
4
7
5
10
1
5
2
8
3
5
5
8
10
7
5
5
1
5
7
8
9
5
6
8
10
1
1
9
MANHE!!!
9
7
10
9
MANHE!!!
6
8
7
MANHE!!!
10
10
2
5
2
3
10
7
2
3
6
1
6
1
3
7
4
2
5
2
5
5
3
5
6
2
MANHE!!!
6
8
MANHE!!!
1
3
9
10
MANHE!!!
9
5
8
6
5
2
7
2
8
9
10
9
8
9
10
6
8
5
4
5
7
5
4
9
2
8
1
7
8
10
10
3
8
3
7
7
10
10
3
1
6
2
5
10
10
5
7
7
5
4
2
8
9
4
4
4
8
6
1
8
9
8
9
2
4
8
MANHE!!!
4
2
6
10
6
9
6
2
10
3
3
8
5
8
10
1
6
5
4
2
9
3
4
4
4
10
10
9
4
9
6
4
1
3
9
3
6
7
10
6
2
10
9
4
7
8
4
4
7
6
9
1
6
10
7
10
2
7
7
9
3
3
3
5
6
5
7
1
4
6
7
6
1
10
5
MANHE!!!
9
2
9
5
2
2
3
9
2
7
2
3
1
5
9
2
10
3
6
5
6
10
5
4
4
9
5
9
2
3
MANHE!!!
8
4
3
9
3
5
7
2
10
4
7
9
7
7
10
1
7
6
7
5
7
6
8
8
5
2
4
8
2
6
9
7
9
4
4
9
8
1
10
9
5
5
9
5
8
MANHE!!!
3
1
4
9
9
9
8
7
8
7
8
2
9
MANHE!!!
8
9
7
9
10
7
3
4
4
9
2
9
6
2
5
3
1
7
4
6
3
8
1
2
4
9
10
1
6
9
1
10
6
4
9
6
8
5
4
5
6
8
10
3
7
4
2
2
8
8
5
1
9
9
7
9
5
5
8
10
10
5
1
5
4
6
6
7
9
2
3
8
2
3
5
6
6
5
7
3
2
8
MANHE!!!
3
1
10
10
4
9
7
2
10
2
6
4
MANHE!!!
9
9
9
8
7
8
7
4
8
5
4
5
5
10
2
5
2
3
5
3
9
