50
-2 1 -3 4 -1 2 1 -5 4 0
1 -2 3 10 -4 7 2 -5 0  
1 2 3 -10 100 -100 0
-1 -2 -3 -4 -5 -6 -7 0
0
-1 2 1 1 -3 7 0
14 -1 -6 2 -10 3 -1 1 9 0
1 0
7 -1 -2 1 -3 -2 8 0
-9 9 -9 3 -3 7 0
9 9 9 9 9 9 9 9 9 9 9 9 9 9 9 9 9 9 9 9 9 9 9 9 9 9 9 9 9 9 9 9 9 9 9 9 9 9 9 9 9 9 0
9 -9 9 -9 9 -9 9 -9 9 -9 9 -9 9 -9 9 -9 9 -9 9 -9 9 -9 9 9 -9 9 -9 9 -9 9 -9 9 -9 9 -9 9 -9 9 -9 9 -9 9 -9 9 -9 9 -9 9 -9 9 -9 9 -9 9 -9 9 -9 9 -9 9 -9 9 -9 9 -9 9 -9 9 -9 0
-1 0
99 -74 -2 -5 -3 -5 -5 -5 7 -5 -6 99 0
-1 1 0
2 -1 3 -4 4 5 6 0
100 -100 0
1 100 -100 100 100 100 100 100 -100 100 1 0
4 8 2 0 
100 0
-8 3 -2 5 2 1 0 
100 100 100 100 100 100 100 100 100 100 100 100 100 100 100 100 100 100 100 100 100 100 100 100 100 100 100 100 100 0
9 8 -6 -5 -7 8 -2 6 6 5 -4 3 2 0
8 -3 3 4 -5 6 7 8 -8 -9 9 -10 9 0
99 -99 1 99 -99 99 1 -99 99 -4 -87 4 5 -67 34 8 9 -4 -6 0
12 34 56 78 90 -1 -98 -76 -54 -43 -32 12 34 98 0
1 -4 28 10 -90 100 0
87 2 -5 -7 -8 -83 65 40 0
1 -1 2 -2 3 -2 7 -3 -4 4 -1 5 -5 6 -6 7 -7 8 1 -8 -9 0
0 
-1 1 -1 1 -1 1 1 -1 1 -1 1 -1 1 -1 1 1 -1 1 -1 1 -1 -1 1 -1 1 -1 -1 1 -1 1 -1 1 -1 1 -1 -1 -1 -1 -1 -1 -1 -1 -1 -1 -1 -1 -1 -1 -1 -1 -1 -1 -1 -1 -1 -1 -1 -1 -1 -1 -1 -1 -1 -1 -1 -1 -1 0
1 2 3 4 5 6 7 8 9 0
-1 -2 -3 -4 -5 -6 -7 -8 -9 0
5 6 7 8 9 0
1 -2 3 -4 5 -6 7 -8 9 -99 100 0
87 -78 -64 46 32 -21 0
205 -99 89 67 23 10 10 10 10 10 10 10 10 10 -30 10 -60 30 50 80 0
89 32 10 9 3 3 -4 36 32 58 2 19 49 57 -999 2 3 68 23 98 2 40 65 3 4 18 0
12 -7 34 -22 18 -5 23 -14 9 7 -26 31 -3 16 -8 24 -15 10 -9 0
5 -19 27 -3 14 2 -1 32 -16 11 6 -20 17 -4 29 -18 21 -10 15 0
22 -4 7 -33 8 -11 4 19 -24 13 -6 28 -9 30 -2 12 -17 25 -5 0
1 -15 29 -6 13 -2 31 -12 20 -19 9 -7 16 -11 14 -8 18 -3 0
17 -23 9 -7 28 -3 12 -15 5 -18 22 -6 11 -21 8 -4 13 0
3 -8 16 -25 6 11 -10 27 -14 19 -2 30 -1 15 -13 4 -29 23 -5 0
10 -30 21 -2 14 -9 26 -7 17 -12 5 -20 8 -4 31 -1 24 -22 13 0
8 -12 19 -4 7 15 -17 18 -6 28 -10 11 -3 22 -14 20 -9 13 -16 0
25 -1 3 -14 18 -6 9 27 -8 4 -11 12 -19 21 -5 16 -2 31 -20 0
4 -20 11 -5 26 -13 29 -7 17 -12 8 -30 15 -9 23 -2 6 -14 0
79 23 -34 123 48 999 -21 -70 93 -88 23 0
1 2 -3 -4 5 6 -7 -8 9 -10 -11 12 -13 14 15 0
