50
000
91919
88832888
12312312321
1212332121
123456789
987654321
123456789876543211234567898765432112345678987654321
191919191919191
1111111111
132231231
678293873
10293754
1647289
10923847
55555555555555555555555558555555555555555555555555
161
55
2
838
903309
874647
8888888888888888888888888888888888888888888888888888888888888888888888888888888888888888888888888888888888888888888888888888888888888888
67499476
5556555
66664666
984738283
321123
98477489
10192019
101010101
999999999999999999999999999999999999999999999999999999999999999999999999999999999999999999765999999999999999999999999999999999999999999999999999999999999997
123356654421
11122222111
11122233344556667788890090909009888776665544333222111
00000000000000000000000000000000000000000000000000000000000000000000000000000000000000000000000000000000000000000000000000000000000
1221
3333
89764456798
123123123123
19191919191919191
8765437345678
1234567890000000000000000987654321
876678876678876678
12345678909998990987654321
12983091283918231820
4637573645347
842797184340137
3123123123123154536421
147823465632113
