40
1 2 3 4
5 6 7 8
9 10 11 12
13 14 15 16
1 2 3 4
2 3 4 5
3 4 5 6
4 5 6 7
1 3 6 10
29 49 69 89
13 17 29 40
31 51 61 71
0 99 150 200
1 2 3 4
3 35 67 89
11 22 44 55
3 1 1 11
1 2 3 4
33 35 55 59
61 71 81 91
12 31 45 65
12 87 123 22
34 43 44 45
4 5 6 7
1 2 4 6
78 89 90 100
1 44 12 11
55 59 66 67
32 53 63 63
30 40 50 60
23 34 45 56
1 44 12 11
12 13 14 56
90 99 100 199
6000 7000 89 123
61 78 90 170
90 99 100 199
12 13 14 56
6000 7000 89 123
61 78 90 170
12 13 14 56
6000 7000 89 123
61 78 90 170
90 99 100 199
6000 7000 89 123
12 13 14 56
61 78 90 170
90 99 100 199
71 82 93 104
51 3124 643 123
231 345 63 324
2 232 23 56
51 3124 643 123
71 82 93 104
231 345 63 324
2 232 23 56
51 3124 643 123
231 345 63 324
71 82 93 104
2 232 23 56
51 3124 643 123
231 345 63 324
2 232 23 56
71 82 93 104
1 2 3 4
1 2 3 4
1 2 3 4
1 2 3 4
91 95 96 98
91 95 96 98
91 95 96 98
91 95 96 98
19 55 55 2
19 55 55 2
19 55 55 2
19 55 55 2
9 8 7 6
9 8 7 6
9 8 7 6
9 8 7 6
9 8 7 6
9 8 7 6
2 23 55 14
86 3 5 67
22 22 33 33
2 23 55 14
22 22 33 33
86 3 5 67
1212 2 12 3
7 21 23 43
88 89 90 1000
1212 2 12 3
7 21 23 43
1212 2 12 3
88 89 90 1000
1212 2 12 3
10 9 8 7
9 8 7 6
8 7 6 5
7 6 5 4
1098 234 21 1
890 93 23 2
77 62 31 3
78123 3 2 1
897 323 62 12
123 43 22 11
89 9 5 3 1
512 423 213 123
464 122 121 120
100 50 25 12
1234 342 333 79
156 74 34 23
1 2 3 4
1 2 3 4
4 3 2 1
4 3 2 1
1 2 3 4
0 13 65 23123
1 2 3 4
42 135 1234 2354
2 3 4 5
1 234 545 3454
0 989 2992 12123
2 3 4 5
90 80 67 33
1 2 3 4
19 293 439 599
98 67 4 2
12 342 342 12
76 45 45 76
2 32 233 44
23 44 32 90
1000 500 500 1000
81 2 2 3
34 5 4 3
1000 499 499 1000
58 19 199 58
44 33 33 44
134 2 345 0
128 686 686 12
99 99 99 99
19 28 28 19
8 4 60 1
87 3 1 2908
1 1 1 1
8 8 8 8
3 3 3 3
2 2 2 2
4 4 4 4
2314 2314 2314 2314
4 4 4 4
87 87 87 87
10 10 10 10
9 9 9 9
8 8 8 8
7 7 7 7
38 38 38 38
32 32 32 32
44 44 44 44
23 23 23 23
