50
21
65536
1839505812
250610920
16384
17592186044416
65536
3586178842
5401989844
16384
262144
209890027
8388608
1896858028
2147483648
8192
2086329718
3344492689
3796431997
4389867970
6234628558
16384
23
262144
4460953731
7498969928
4194304
2199023255552
512
274877906944
4537580717
4725224781
5031533390
35184372088832
8796093022208
2
2147483648
5025998099
65536
32768
16777216
2199023255552
1073741824
583196657
2360505474
17179869184
10
2659651225
2898881604
262144
7841153299
2
3922381501
9745281831
5587219015
274877906944
3472138127
42
7805144500
9567837051
3943244018
5614409734
131072
64
2147483648
498347762
2048
8180920187
4194304
204863509
268435456
3566711997
5353995110
549755813888
549755813888
562949953421312
6426595169
868335808
8858858967
8722215612
8318998021
7312001410
2147483648
8332055010
34359738368
16777216
5366380253
675852951
17592186044416
676613528
2861836523
8192
2751758594
9931131010
9693168550
16
4011790927
536870912
524288
2606334759
19
780055661
9550822767
9906494859
16
3267014050
1931652819
8589934592
4398046511104
68719476736
8192
64
6403154693
1580379978
8388608
2
512
17592186044416
128
1125899906842624
28
274877906944
134217728
2199023255552
35184372088832
4567349596
3549625547
7512346171
8
17592186044416
140253289
2048
6471629337
65536
4206366551
2048
8919266860
391957445
17592186044416
4808281006
2391441597
128
16384
1624336764
2836029384
2561211069
131072
4039138257
4194304
34
1756595290
8589934592
1073741824
549755813888
4490482053
8012312272
2848511675
2430620649
128
1675572900
67108864
281474976710656
5980685770
16384
634563447
16
5337269668
536870912
629703190
883332416
1099511627776
5941821831
9979826033
2878876021
2187680806
16384
2638614079
33554432
562949953421312
17179869184
2
1048576
6824879363
8636731943
11
6770053424
8911779163
1024
1422938964
4398046511104
5712356007
68719476736
256
34359738368
140737488355328
2199023255552
15
35184372088832
65536
573343244
274877906944
1231333925
6236790131
8388608
3822365693
8813036163
4837132653
1024
131072
9508668136
2199023255552
8832426468
37
65536
131072
8796093022208
5488058207
8192
5404833887
2403613186
6315681351
16
2048
1271665953
7779958416
8589934592
8456707764
2125062367
1125899906842624
16
562949953421312
9677624553
6454013099
131072
4398046511104
281474976710656
6049398373
4369621958
1099511627776
1106119781
5294425903
6592814242
1914056384
2482685893
8555715867
17179869184
634306861
6793900711
954320931
32768
45
140737488355328
8284194579
3277972488
1070804694
2687632399
8320175124
562949953421312
4376393086
195569913
274877906944
3958689025
16
17179869184
8061213167
16777216
8589934592
281474976710656
33554432
3017328384
140737488355328
3059744357
16384
2019169201
8672431767
34359738368
4294967296
4713102184
32768
7563443311
2921360938
8898622485
16
7596931432
8388608
6214938086
5357488814
4992547804
16384
16
7424182161
8207536706
1048576
2
8662259107
16384
26
4398046511104
7918739959
3991824789
524288
9505570765
588049993
4317110260
1125899906842624
8589934592
5963835556
3067484924
7230257612
2048
3206340877
16777216
67108864
871604359
33554432
714616035
2048
6823586744
512
121823667
1870198395
4555222299
8589934592
2
536870912
274877906944
29
35184372088832
16384
9808778115
16777216
2136869580
8229513220
6866172374
8192
3621282269
8388608
4096
2097152
7923737956
67108864
2307475930
524288
131072
5644461530
2
4398046511104
9741155249
140737488355328
549755813888
5174624176
4493680694
5098002618
1111976288
4398046511104
4294967296
40
17592186044416
1125899906842624
4287194411
8589934592
4194304
512
5305006465
4398046511104
8219829582
6487071888
551649038
17179869184
1558544509
5116901363
2097152
524288
2610554042
65536
8876596912
7577666543
8589934592
68719476736
17179869184
5145772819
70368744177664
1023993824
7133642207
8418207352
1859044103
70368744177664
7768784985
34359738368
2147483648
64
6659806598
2801128968
1104422747
7107167070
4356112335
2199023255552
44
1565572953
140737488355328
16777216
2738360873
9610727927
512
8448663548
3284051755
33554432
8
17179869184
490242212
524288
5943677749
4194304
1073741824
8192
4398046511104
7794193430
16
1726910812
274877906944
63180003
9903823222
1073741824
2333297648
32768
6730646627
32
9793335500
4769270772
64
3490385485
128
562949953421312
2
64
262144
1085108267
562949953421312
5147724434
1048576
1294895739
1532761713
24
562949953421312
7705281670
9382123650
131072
4398046511104
4351054844
450716156
2987918996
34359738368
6870965872
64
4318194454
64
5100644746
268435456
17179869184
562949953421312
4096
8452447918
128
5066538583
3885587644
33554432
5213561385
4
6198877772
9617300253
33554432
81370312
24
16384
3380297858
16
131072
524288
134217728
1099511627776
8388608
1024
5406902946
9880429654
1374294280
8364873504
1488506460
3956236847
16
2399583979
8632553629
8842574618
6950474248
70368744177664
2
262144
5543892781
21
8
3085548864
5342459268
32
1790658065
70368744177664
5713184109
4023574372
33554432
3854438447
2199023255552
1902422849
274877906944
549755813888
8965476841
67108864
256
7098858516
8589934592
262144
35184372088832
15
1074718530
2290463339
3661860958
268435456
9048568185
512
8
8796093022208
8511972802
2446974464
7677121719
7308504478
4591712271
5791213059
32
32
32768
512
4294967296
7893805410
4103605179
7410265172
105965505
2097152
813760510
3876917462
2048
376137875
137438953472
268435456
536870912
6254618711
4398046511104
5698913499
8796093022208
7370401212
1821029403
3693886822
134217728
128
549755813888
140737488355328
67108864
524288
5264374038
34359738368
274877906944
2097152
3
7110246718
1024
68719476736
18
16
6881253100
9623332241
2454022205
4105627930
6936393452
8
7219027809
550562522
33554432
8931270049
4503978516
134217728
4873951182
1664761627
3440784256
9127225490
1912380269
20
173566513
953969024
128
35184372088832
2147483648
7599836263
1484531472
1073741824
9062689643
262144
17179869184
1024
6548301249
2026406650
2
2379660508
32768
2048
70368744177664
68719476736
50
4194304
8799038963
2813548893
3706419093
5530560367
2147483648
134217728
70368744177664
32
281474976710656
16384
4294967296
549755813888
2667138782
9115026120
256
7838139646
65536
2402746433
4049847414
7619993447
5136676039
8796093022208
5062725912
9792812222
8388608
9806222617
1125899906842624
8796093022208
137438953472
68719476736
2181291878
120249128
6626638115
6171707821
8589934592
2184751806
1414593911
128
8545475731
7322020988
16777216
8919838076
8
3947325686
8084807490
549755813888
8934376041
6056419493
2048
27
16
562949953421312
1048576
3418975924
262144
3706669406
34359738368
3105074325
64
16
549755813888
3353936541
8173188894
3726476160
67108864
1125899906842624
2199023255552
1024
6127915919
67108864
2199023255552
4941634643
3381414665
140737488355328
573387932
7151841809
1144790455
1
9131301149
37
35184372088832
8508121501
8768516403
5659511467
7498876666
7833986805
131072
8272664067
131072
134217728
4398046511104
3812963777
2219603712
6959303052
64
262144
68719476736
1238511519
2533370026
3330152889
16
8769913240
6036377947
1048576
1073741824
16
9063231864
34359738368
6950997889
17592186044416
4533106438
268435456
1099511627776
17179869184
274877906944
8398829363
8964780942
5
9299653751
1073741824
8055346079
524288
16777216
30
6090802372
140737488355328
68719476736
8540361756
9433512840
5715062574
7005056665
7594661535
6056911063
1048576
5002758149
262144
134217728
137438953472
7634137643
8
9655914497
16
33554432
64
6925793878
3679250659
8
4096
75153418
5804295010
4387135125
901792181
16384
4648151929
34
5111770938
262144
256
67108864
4096
16384
3485890800
7230937135
17179869184
4904229422
134217728
9753017666
17179869184
567617009
2990223264
16
9581788123
1073741824
2405482434
9493362419
8289908418
33554432
8192
9526159968
9031545684
4266250228
3168449185
9304527049
4252200605
274877906944
8416962330
9741663663
1099511627776
281474976710656
10
9671641673
5092479946
8
3186349861
3895938417
4803578490
2048
1182173239
3622128326
6226769242
48
1003849236
8589934592
4398046511104
8412210271
1116770903
76179088
128
16384
512
281474976710656
8415194267
2097152
4403969744
8796093022208
8294066118
4294967296
512
17179869184
2884289939
8
5430508576
1099511627776
1586924517
8475702007
4194304
536870912
32768
412018554
7993230048
5308127017
6133859339
186239017
3535475101
4294967296
32
1048576
2670847973
256
2242631167
2199023255552
8388608
64
4086844195
512
128
3521252730
4294967296
22041373
2
4274749298
4
27
8651454916
9999556704
7582724053
9665705257
17179869184
2246770568
8388608
137438953472
7925601062
16384
9160388492
3939969642
4116955830
16
536870912
16777216
128
64
8
140737488355328
4628906627
2147483648
9301872167
4618202613
137438953472
1099511627776
1048576
7
6727049088
4294967296
6058540992
8479108689
268435456
16
33554432
41
2
5705484836
7350716643
7395729652
2147483648
8131729487
1026554454
4096
281474976710656
3085442929
8621252237
4677726321
6196211156
5664871137
68719476736
7265332091
5269898155
34359738368
281474976710656
2097152
7275777882
2412671300
33554432
8479558780
4
8217575399
2223089603
6823745863
131072
16777216
1600069604
2048
2199023255552
281474976710656
5736887176
134217728
1525516610
2
512
256
2181235877
31
6327076144
4194304
3810172126
4096
9337987112
9205083585
8
4096
4294967296
3158501619
8388608
128
3767811510
4975706401
70368744177664
140737488355328
32
34359738368
281474976710656
8192
2547380385
5482515142
33554432
524288
9657510268
256
2048
536870912
6282747177
32768
4398046511104
16
16
512
2614130446
7762216356
549755813888
4294967296
67108864
64
4343576222
256
8951107454
8178129944
4096
4294967296
1632193594
8908534144
16
1099511627776
6596372194
70368744177664
5557160777
7872905661
6471865642
3672458811
9257997976
9624254302
5090327284
1808722905
6241429833
5328916806
134217728
1024
549755813888
40
4
1499135781
4669493083
2199023255552
274877906944
274877906944
128
70368744177664
3578558289
6749453030
4124877681
7452999907
7417674432
6355291758
8388608
562949953421312
3989689115
2264951870
5771017295
140737488355328
128
2147483648
5924087665
8388608
4461926659
450183452
17179869184
4921983326
6621611448
35184372088832
8192
4603598871
536870912
5560676160
35184372088832
6841819326
1099511627776
134217728
7768817834
122009203
36
5318871436
1099511627776
67108864
128
2048
9273060471
512
31153504
8589934592
1024
8589934592
3703564629
4577435260
262144
2598899563
5889838961
8177923735
9522810995
8388608
3148905980
8388608
8192
268435456
268435456
8589934592
4456951390
262144
128
256
487466138
6626506192
5683567415
1048576
4700799888
67108864
1583023172
30
2199023255552
17179869184
8598801134
2147483648
4096
2048
4
524288
64
34359738368
16777216
65536
1325190033
549755813888
131072
262144
335103522
6577917084
7105669533
9201804994
64
64
2147483648
16777216
1521021163
2486088796
2125919669
512
1335258296
2147483648
27
2748753899
9319745127
928222268
549755813888
262144
4116097380
8388608
1463930890
2162460093
262144
4294967296
536870912
134217728
35184372088832
68719476736
6839842262
1073741824
2031807175
1073741824
562949953421312
512
2614161421
3485382363
7272830026
8796093022208
549755813888
17592186044416
40
7026578060
128
5726232495
3908921264
1125899906842624
994389184
6786701472
969584452
24972072
3616317166
2415267475
1099511627776
9715402078
562949953421312
33554432
536870912
2147483648
2644293341
35184372088832
6131258488
9471111292
5163253034
7208794613
1048576
1536922681
4096
8808536729
953415149
4292832553
1024
9206143543
1011554737
8
4542390747
998996637
256
7857243394
1946799965
2982098772
32
11
8796093022208
2460771679
8374238037
1761979902
67108864
7175556142
549755813888
128
33554432
8796093022208
4517656674
36
2227799834
536870912
8
4398046511104
1842088269
1048576
1048576
9009610637
4398046511104
64
4096
6778308972
1073741824
3729381524
2147483648
8192
536870912
256
536870912
8310059099
7452710967
262144
826477182
4066045173
6818950677
268435456
137438953472
67108864
562949953421312
137438953472
1360237718
512
33554432
5986404408
137438953472
2005649946
21
4096
2403403656
17592186044416
2877507893
8066377799
33554432
1125899906842624
8872757589
70368744177664
268435456
6632294906
35184372088832
8192
549755813888
140737488355328
7375663654
9600354961
64
5074385527
1165102954
1436671518
3
8589934592
5525702004
4294967296
